NN;Nom;Prenom;Annee;Trimestre;BrutTrimestriel
80072964619;Garcia;Fatima;2025;3;1684.39
81070964163;Dufour;Fatima;2025;3;682.45
98051652719;Gaillard;Charlotte;2025;3;503.25
78073161149;Simon;Maxime;2025;3;4051.82
1072835667;Garnier;Louis;2025;3;3104.38
93100353936;Henry;Thomas;2025;3;3998.32
81071155886;Fontaine;Charlotte;2025;3;7001.11
93021077717;Fabre;Adam;2025;3;1688.81
91000288197;Michel;Quentin;2025;3;1052.83
2061624963;Dumas;Leïla;2025;3;4464.80
89110259530;Lucas;Damien;2025;3;2013.92
93000304572;Lucas;Khalid;2025;3;2137.16
89020555019;Renaud;Sébastien;2025;3;3564.86
86093063543;Roy;Youssef;2025;3;3312.17
4090532589;Rey;Sébastien;2025;3;2805.43
67031571371;Philippe;Fatima;2025;3;2194.33
6122527686;Fontaine;Laura;2025;3;4905.14
92092061405;Boyer;Thomas;2025;3;3874.38
94123158855;Benoit;Mehdi;2025;3;4449.08
85112352268;Marie;Vincent;2025;3;5292.28
97052087020;Brunet;Céline;2025;3;2929.66
94092870606;Gauthier;Quentin;2025;3;7527.99
93050259275;Lambert;Julien;2025;3;2451.42
91123177301;Colin;Youssef;2025;3;2112.38
94071053920;Barbier;Cédric;2025;3;1688.99
5041258392;Brunet;Manon;2025;3;3578.32
40463182;Schmitt;Inès;2025;3;2245.71
94011073573;Schmitt;Aïcha;2025;3;1412.88
88042453935;Colin;Adam;2025;3;875.79
84011088997;Meunier;Karim;2025;3;597.77
251536;Fontaine;Benjamin;2025;3;3047.40
94022054369;Brunet;Émilie;2025;3;14648.15
94021574121;Leclerc;Pauline;2025;3;1849.32
72082154406;Caron;Nicolas;2025;3;1228.39
50353917;Caron;Inès;2025;3;6487.42
87060179376;Martin;Hugo;2025;3;927.10
97080577108;Marchand;Céline;2025;3;6175.51
93110572390;Bourgeois;Khalid;2025;3;3150.29
5010550964;François;Bilal;2025;3;1986.69
81122650911;Boyer;Khalid;2025;3;1199.72
97042656145;Dumas;Leïla;2025;3;6796.31
87050169372;Garcia;Antoine;2025;3;1246.63
95062469243;Colin;Camille;2025;3;3838.26
72000210289;Laurent;Cédric;2025;3;6060.99
92072478786;Fabre;Samira;2025;3;3371.93
89111950201;Nguyen;Nicolas;2025;3;4718.68
74040181360;Renaud;Grégory;2025;3;316.12
90092869332;Dumas;Cédric;2025;3;4299.73
85102055719;Payet;Charlotte;2025;3;11370.03
94062369252;Barbier;Mehdi;2025;3;2118.81
91122372694;Muller;Damien;2025;3;5756.01
82031357797;Simon;Camille;2025;3;496.28
88012167862;Vincent;Leïla;2025;3;8626.59
85121671196;Guérin;Samira;2025;3;129.66
6093038302;Blanc;Leïla;2025;3;1124.05
5000081102;Dufour;Nora;2025;3;2267.92
91112570350;Gautier;Rachid;2025;3;10721.40
82031906739;Giraud;Sébastien;2025;3;2497.17
4000076131;Fontaine;Sarah;2025;3;2608.56
95121272425;Clément;Charlotte;2025;3;2107.70
90070759864;Simon;Nadia;2025;3;973.64
86071860432;Olivier;Khalid;2025;3;1161.68
88061361512;Noël;Camille;2025;3;2273.87
97000072254;Masson;Khalid;2025;3;6918.38
94000343393;Petit;Camille;2025;3;6055.38
3080231960;Rivière;Thomas;2025;3;4088.21
89061978274;Martin;Salima;2025;3;2652.72
86042743309;Marie;Thomas;2025;3;9645.54
98122375617;Roussel;Nadia;2025;3;3081.54
81122860648;Lefebvre;Anissa;2025;3;5649.42
87042878833;Robin;Youssef;2025;3;1247.43
2080249953;Roche;Vincent;2025;3;455.62
98121472923;Bernard;Romain;2025;3;355.23
87000239514;Roger;Valérie;2025;3;1723.24
92082572924;Fabre;Sophie;2025;3;7904.42
73102056649;Dubois;Grégory;2025;3;2595.97
87101069331;Legrand;Marine;2025;3;1168.27
6102455319;Lemoine;Justine;2025;3;3943.20
6013167512;Vidal;Sébastien;2025;3;8603.10
93010765132;Brunet;Delphine;2025;3;1442.63
95051279995;Henry;Laura;2025;3;1729.31
90071722837;Blanchard;Émilie;2025;3;13297.15
89040772688;Boyer;Benjamin;2025;3;4800.83
2000222379;Masson;Sophie;2025;3;1250.13
79121557737;Roche;Ibrahim;2025;3;7009.31
92091882845;Lambert;Quentin;2025;3;7496.59
98020272922;Mathieu;Fatima;2025;3;11402.46
76022858786;Brun;Nicolas;2025;3;12767.78
6061354142;Durand;Nicolas;2025;3;736.01
83052666443;Mathieu;Aurélie;2025;3;7385.22
78082260640;Martin;Karim;2025;3;2214.20
81000087055;Gautier;Aurélie;2025;3;7156.28
97030165713;Lemoine;Sébastien;2025;3;1225.07
84081254146;Moreau;Amélie;2025;3;2684.89
87091570853;Lambert;Sébastien;2025;3;3795.13
89071279584;Michel;Antoine;2025;3;9589.44
95091972584;Roussel;Sophie;2025;3;1264.30
90072670170;Michel;Cédric;2025;3;8192.91
92040670211;Fontaine;Yasmina;2025;3;2398.53
72122450877;Meunier;Louis;2025;3;2289.33
2110750713;Giraud;Sébastien;2025;3;701.02
84100178351;Denis;Vincent;2025;3;4208.09
2031729068;Schmitt;Antoine;2025;3;5066.60
88061078727;Brun;Benjamin;2025;3;3914.88
89041168311;Renaud;Olivier;2025;3;2566.48
4032251724;Blanc;Grégory;2025;3;3608.20
91113054558;Michel;Claire;2025;3;8833.59
2122751987;Henry;Vincent;2025;3;12736.56
98050165748;Simon;Romain;2025;3;5152.41
5073152388;Roche;Damien;2025;3;775.71
81010275124;Picard;Émilie;2025;3;9806.09
5052455360;Mercier;Amélie;2025;3;7963.63
79090949485;Lemaire;Chloé;2025;3;1787.03
85041267502;Lambert;Manon;2025;3;9796.20
93050787629;Lemoine;Nora;2025;3;1031.33
1011057357;Rivière;Delphine;2025;3;1664.32
72122169082;Henry;Anissa;2025;3;8363.48
1062755189;Rey;Benjamin;2025;3;584.89
90000327768;Boyer;Laura;2025;3;7654.51
88021357227;Blanchard;Ibrahim;2025;3;9456.95
90030774088;Meyer;Anissa;2025;3;9181.77
80020760605;Blanchard;Nora;2025;3;9220.04
84041760892;Clément;Vincent;2025;3;4922.49
3000284560;Garcia;Manon;2025;3;3152.35
92120648887;Blanchard;Adam;2025;3;5726.87
95120252836;Lemoine;Mehdi;2025;3;2898.47
6103154115;Lefebvre;Samira;2025;3;1768.32
99112760067;Durand;Aurélie;2025;3;5151.77
3010528651;Brun;Émilie;2025;3;1707.02
90011074774;Dumont;Delphine;2025;3;5364.99
93091394007;Dumont;Maxime;2025;3;2770.95
88102351633;Moreau;Chloé;2025;3;378.94
87010571695;Giraud;Thomas;2025;3;5407.95
3052647536;Dufour;Nicolas;2025;3;9221.81
99061578117;Clément;Émilie;2025;3;8384.99
80010958061;François;Pierre;2025;3;6921.73
79091467644;Barbier;Amélie;2025;3;5938.29
68071259042;Clément;Émilie;2025;3;1214.13
93092486840;Moreau;Émilie;2025;3;5059.47
99050848135;Lemaire;Mathieu;2025;3;1320.34
88010355447;Boyer;Grégory;2025;3;2084.97
95042467744;Leclerc;Amélie;2025;3;1620.07
99091264273;Leroy;Vincent;2025;3;8349.63
82633834;Roussel;Aïcha;2025;3;2781.22
4041544027;Lambert;Pauline;2025;3;1305.60
98022086525;Robin;Camille;2025;3;9453.15
80000131475;Marie;Romain;2025;3;4475.48
93032858168;Bernard;Laura;2025;3;3489.26
98111373837;Rivière;Samira;2025;3;1523.22
93061349345;Lemoine;Nora;2025;3;8706.96
89111367013;Masson;Romain;2025;3;4741.64
92000090260;Bernard;Claire;2025;3;660.99
98062576107;Noël;Chloé;2025;3;1229.67
91062780250;Chevalier;Samira;2025;3;1888.27
96052380769;Meunier;Rachid;2025;3;6519.46
94120261525;Dumas;Nassim;2025;3;8129.91
94061479030;Muller;Vincent;2025;3;10847.65
92071524921;Moreau;Benjamin;2025;3;3934.98
21749310;Mercier;Bilal;2025;3;6296.88
95041369169;Dumont;Élise;2025;3;6103.52
3111743795;Mathieu;Camille;2025;3;796.69
83000215573;Lucas;Sophie;2025;3;2554.80
95081182424;Renaud;Marine;2025;3;4974.96
3021448772;Arnaud;Khalid;2025;3;3062.05
88041584992;Marchand;Benjamin;2025;3;1961.56
88111567623;Vincent;Camille;2025;3;635.10
97052980212;Michel;Grégory;2025;3;1680.61
99101870828;Masson;Camille;2025;3;2253.90
74013055311;Roussel;Fatima;2025;3;3901.16
88000243988;Dumont;Camille;2025;3;1171.47
78090564137;Barbier;Ibrahim;2025;3;1762.57
68091663387;Boyer;Sébastien;2025;3;1865.02
97121272962;Lefebvre;Leïla;2025;3;13947.47
91030881504;Leroy;Émilie;2025;3;13267.05
97040559658;Perrin;Nora;2025;3;7609.84
5000085357;Gautier;Hugo;2025;3;10577.50
91060575677;Garcia;Nora;2025;3;3174.57
88092973515;Arnaud;Youssef;2025;3;8350.50
89073056466;Dubois;Camille;2025;3;6813.58
84011560735;Fabre;Julien;2025;3;689.86
84082762297;Perrin;Sarah;2025;3;2500.55
91081562321;Lemaire;François;2025;3;1124.09
94122973565;Philippe;Nassim;2025;3;6175.49
93032055345;Martin;Nicolas;2025;3;2327.00
5061451319;Clément;Sophie;2025;3;3042.20
91061479856;Petit;Nora;2025;3;6528.89
76111854209;Gérard;Romain;2025;3;1105.40
97032172920;Lambert;Céline;2025;3;2004.55
74121664033;Vidal;Nassim;2025;3;1647.22
91112569855;Simon;Amélie;2025;3;1133.36
76071455093;Bourgeois;Céline;2025;3;522.22
89100270411;Payet;Sophie;2025;3;5412.76
96102746931;Nguyen;Nadia;2025;3;1191.43
1081931792;Fontaine;Maxime;2025;3;1007.50
5103173789;Bourgeois;Fatima;2025;3;1019.91
94013061677;Brun;Amélie;2025;3;4561.51
84102696985;Martin;Élise;2025;3;8635.41
96040170746;Joly;Rachid;2025;3;4757.60
83031576366;Clément;Delphine;2025;3;1395.50
93060280761;Gauthier;Charlotte;2025;3;764.97
74041080985;Dufour;Olivier;2025;3;2638.69
92050871542;Rey;François;2025;3;14603.61
88101765673;Gauthier;Nassim;2025;3;1956.67
96100181973;Rousseau;Grégory;2025;3;2941.62
97091578787;Petit;Camille;2025;3;4965.03
5040646995;Renard;Camille;2025;3;756.41
85092667802;Denis;François;2025;3;10480.89
62351332;Legrand;Charlotte;2025;3;9420.68
88031352284;Moreau;Anissa;2025;3;8235.37
79081848808;Gaillard;Louis;2025;3;3828.34
89000230351;Roger;Romain;2025;3;4931.60
85070368490;Colin;Mehdi;2025;3;6656.43
83052570037;Denis;Yasmina;2025;3;6388.40
77090967754;Clément;Pierre;2025;3;3876.50
81112068508;Leroy;Inès;2025;3;4911.62
87000245353;Legrand;Inès;2025;3;6861.47
80042060815;Muller;Nora;2025;3;3454.03
89123058580;Lacroix;Élise;2025;3;3696.64
4122753318;Legrand;Valérie;2025;3;7595.03
96051584973;Muller;Anissa;2025;3;2534.10
87021455293;Leroy;Leïla;2025;3;33314.64
90090474026;Gautier;Julien;2025;3;1454.19
1122644771;Clément;Thomas;2025;3;3254.65
7071758701;Aubert;Nicolas;2025;3;4362.97
92082473845;Bourgeois;Sébastien;2025;3;4071.75
88012073337;Guérin;Julien;2025;3;777.43
82051771052;Guérin;Delphine;2025;3;10429.01
88051772863;Renaud;Manon;2025;3;7469.62
97111648780;Marie;Louis;2025;3;12241.78
76042063697;Perrin;François;2025;3;10212.47
92051540644;Schmitt;Maxime;2025;3;9534.47
4021749988;Colin;Justine;2025;3;776.38
87030165301;Aubert;Delphine;2025;3;595.46
91110154060;Lambert;Nicolas;2025;3;5911.65
7011057584;Lemoine;Nassim;2025;3;1603.92
91120675095;Picard;Leïla;2025;3;4764.92
5000083971;Joly;Marine;2025;3;3189.41
254902;Dumas;Benjamin;2025;3;3263.12
99081778762;Blanchard;Cédric;2025;3;5136.18
98020580748;Picard;Romain;2025;3;3405.09
86000227120;Petit;Sophie;2025;3;3429.97
99111676835;Dubois;Cédric;2025;3;3992.51
4020239857;Leroy;Sarah;2025;3;12305.54
51339159;Lefebvre;Mathieu;2025;3;5528.17
92022770444;Gérard;Sébastien;2025;3;6736.27
77041579512;Roy;Justine;2025;3;1206.35
97032779367;Boyer;Anissa;2025;3;396.23
87030166190;Chevalier;Yasmina;2025;3;7662.79
84081665506;Blanchard;Romain;2025;3;14659.95
4021057726;François;Mathieu;2025;3;4322.89
94032178991;Duval;Thomas;2025;3;332.55
97070372708;Pierre;Amélie;2025;3;10492.71
60011156284;Chevalier;Chloé;2025;3;2817.13
95061064822;Gérard;Samira;2025;3;1218.51
72050971181;Giraud;Olivier;2025;3;1263.12
87030373751;Brun;Sébastien;2025;3;1732.62
97000307529;Clément;Karim;2025;3;13575.03
4011127795;Gérard;Claire;2025;3;3315.88
88060671525;Noël;Justine;2025;3;574.17
89102152112;Durand;Louis;2025;3;3088.12
3062351395;Laurent;Cédric;2025;3;607.94
85091667613;Roy;Sébastien;2025;3;6374.06
96110570376;Giraud;Charlotte;2025;3;1275.98
80000317557;Picard;Valérie;2025;3;8573.65
1121351505;Masson;Camille;2025;3;1697.27
4103135166;Colin;Sophie;2025;3;676.91
88011860531;Arnaud;Élise;2025;3;12010.20
89022873220;Blanchard;François;2025;3;1088.86
93021275180;Noël;Camille;2025;3;7987.84
92062058315;Leroy;Damien;2025;3;4322.16
92101068844;Philippe;Adam;2025;3;6150.75
4011039507;Roche;Nicolas;2025;3;2836.21
99020280366;Noël;Élise;2025;3;3955.57
74000310303;Gaillard;Anissa;2025;3;2783.19
83012873281;Roche;Rachid;2025;3;1734.72
88050965783;Pierre;Grégory;2025;3;4825.34
72072072542;Morin;Nassim;2025;3;2378.49
86062083525;Blanc;François;2025;3;5948.28
4121830729;Garcia;Fatima;2025;3;2518.65
88091157734;Lefebvre;Céline;2025;3;5948.49
77100250852;Mathieu;Amélie;2025;3;3470.26
99010572151;Lemaire;Karim;2025;3;3368.84
64112057453;Noël;Rachid;2025;3;5587.34
95120174246;Gérard;Rachid;2025;3;3033.88
86082670685;Dumont;Claire;2025;3;3487.43
96092580341;Mercier;Valérie;2025;3;3.76
96030670189;Lemoine;Olivier;2025;3;3413.25
92051974174;Aubert;Inès;2025;3;2560.77
88112365595;Petit;Élise;2025;3;2605.60
95112068907;Brun;Valérie;2025;3;3810.75
88071577788;Giraud;Nassim;2025;3;2429.36
256385;Guérin;Nora;2025;3;2357.07
81072560705;Fontaine;Rachid;2025;3;12621.85
79102367771;Joly;Fatima;2025;3;2785.57
87032080654;Gérard;Pauline;2025;3;2781.35
91101083273;Renaud;Khalid;2025;3;2894.92
99050665419;Roy;Élise;2025;3;4906.08
77022565532;Picard;Pauline;2025;3;5391.91
81020161008;Mathieu;Delphine;2025;3;1460.07
90030174767;Lemaire;Mathieu;2025;3;3195.80
80021057246;Guérin;Nora;2025;3;4286.98
83000104024;Muller;Karim;2025;3;13572.53
91120966689;Philippe;Antoine;2025;3;8686.80
92030577459;Lemoine;Khalid;2025;3;1370.72
99011663006;Legrand;Samira;2025;3;6826.96
95042251275;Moreau;Fatima;2025;3;5842.85
79033059687;Blanc;Delphine;2025;3;3937.39
122332766;Garcia;Salima;2025;3;1407.81
87062762843;Olivier;Antoine;2025;3;7139.47
20254520;Gérard;Karim;2025;3;3267.01
99020656686;Barbier;Thomas;2025;3;7502.37
91092954475;Noël;Antoine;2025;3;748.84
97031558751;Leclerc;Grégory;2025;3;7396.24
90022778419;Bernard;Salima;2025;3;330.47
95000076863;Brunet;Salima;2025;3;3829.65
93080863468;Fontaine;Yasmina;2025;3;3204.01
82032755686;Lacroix;Anissa;2025;3;3723.10
80071956017;Lemaire;Nassim;2025;3;3546.31
85000091297;Blanc;Romain;2025;3;1850.29
91020267130;Petit;Nora;2025;3;3449.77
90050567335;Henry;Sébastien;2025;3;5779.50
99030380046;Benoit;Ibrahim;2025;3;18.42
2090649442;Caron;Leïla;2025;3;5885.84
93121847453;Garnier;Nicolas;2025;3;2870.17
1021727753;Dubois;Chloé;2025;3;3003.03
79000231919;Leclerc;Louis;2025;3;6029.85
99031447145;Leclerc;Olivier;2025;3;4743.33
4030628062;Bernard;Youssef;2025;3;6622.91
1011751995;Mathieu;Inès;2025;3;1000.68
93071969558;Barbier;Sébastien;2025;3;4368.16
91080869661;Rousseau;Pauline;2025;3;2321.51
90031269283;Leroy;Antoine;2025;3;1834.58
83030869157;Lemoine;Laura;2025;3;12891.47
12748106;Vincent;Cédric;2025;3;7874.84
2022247814;Gauthier;Quentin;2025;3;2559.88
79050766444;Masson;Hugo;2025;3;2991.84
90071774505;Roy;Julien;2025;3;2759.12
6000065582;Laurent;Leïla;2025;3;1257.49
84072669448;Dumont;Quentin;2025;3;5768.08
92000077887;Barbier;Bilal;2025;3;3553.14
5061741131;Joly;Damien;2025;3;4476.75
71637596;Renaud;Romain;2025;3;10523.69
94022861746;Robin;Nicolas;2025;3;5762.09
83101558995;Garcia;Charlotte;2025;3;9490.43
88051562928;Roger;Samira;2025;3;593.85
98092280475;Boyer;Olivier;2025;3;5450.46
80000157805;Gérard;Benjamin;2025;3;2905.68
99012876890;Blanc;Hugo;2025;3;7981.06
90061174185;Lacroix;Anissa;2025;3;15450.66
52829296;Giraud;Laura;2025;3;3785.80
83000100658;Mathieu;Leïla;2025;3;4321.28
85032868587;Philippe;Nassim;2025;3;8500.65
81102362271;Fabre;Aïcha;2025;3;6028.30
85072966904;Meunier;Élise;2025;3;6309.96
69112254233;Caron;Mehdi;2025;3;6523.84
96112276982;Dumas;Sébastien;2025;3;1147.58
6090934390;Perrin;Antoine;2025;3;6324.11
96053064719;Muller;Cédric;2025;3;4861.01
97071180677;Meyer;Adam;2025;3;2457.18
85110157197;Brun;Valérie;2025;3;5123.63
5122751359;Pierre;Camille;2025;3;852.69
1080150556;Marchand;Bilal;2025;3;1260.28
80012166997;Joly;Julien;2025;3;10950.74
93040671915;Arnaud;Aïcha;2025;3;1230.18
3000289114;Morin;Camille;2025;3;1445.35
98102546144;Duval;Sébastien;2025;3;1788.13
83121567721;Fontaine;Aïcha;2025;3;4995.33
1020655508;Masson;Élise;2025;3;2805.11
98081561579;Fontaine;François;2025;3;4867.78
4041130786;Joly;Aurélie;2025;3;9191.15
99121958439;Martin;Rachid;2025;3;1776.49
94011562236;Lemoine;Ibrahim;2025;3;5438.21
86121357057;Lefebvre;Camille;2025;3;7017.88
76000252937;Schmitt;Thomas;2025;3;575.46
80052663113;Picard;Maxime;2025;3;791.25
99101053949;Vincent;Camille;2025;3;7899.87
96022568315;Marchand;Aurélie;2025;3;1742.89
89020706457;Laurent;Émilie;2025;3;1833.30
80456381;Aubert;Damien;2025;3;6996.56
95081674253;Lefebvre;Karim;2025;3;6741.55
85061510709;Gaillard;Mehdi;2025;3;1756.19
82020566548;Renard;Youssef;2025;3;4618.38
83120555258;Bourgeois;Chloé;2025;3;2662.65
90042375783;Dufour;Salima;2025;3;2805.31
86071070574;Gaillard;Karim;2025;3;1696.48
87030164905;Brun;Marine;2025;3;1072.68
85072256131;Lambert;Nicolas;2025;3;1641.00
30651336;Brun;Bilal;2025;3;262.15
94020173361;Aubert;Camille;2025;3;6324.90
98042271730;Vincent;Ibrahim;2025;3;710.22
85120363181;Roy;Manon;2025;3;2498.52
89081348085;Dumont;Laura;2025;3;1668.64
71081458656;Petit;Delphine;2025;3;5393.58
97061278462;Gaillard;Khalid;2025;3;2324.10
60121851595;Marie;Inès;2025;3;6088.69
98040548989;Vidal;Nicolas;2025;3;2210.35
95000443978;Benoit;Sarah;2025;3;4805.40
94091681365;Lambert;Vincent;2025;3;10976.81
4110129658;Martin;Romain;2025;3;2512.49
79112454484;Renaud;Nora;2025;3;5647.12
92041860143;Renaud;Sébastien;2025;3;1986.10
77051865173;Caron;Cédric;2025;3;4985.27
86060157777;Laurent;Nora;2025;3;4237.16
75052264910;Masson;Grégory;2025;3;6497.99
2000220302;Laurent;Nora;2025;3;3111.83
52550867;Vincent;Manon;2025;3;8988.16
4062354584;Muller;Salima;2025;3;5259.78
87030267150;Barbier;Antoine;2025;3;5350.13
83101463381;Roy;Nicolas;2025;3;9681.12
72030174183;Muller;Justine;2025;3;5894.21
89071649768;Muller;Cédric;2025;3;2413.51
2042946822;Boyer;Sébastien;2025;3;4776.64
91042372242;Dufour;Damien;2025;3;5420.79
94010481873;Roche;Chloé;2025;3;5474.96
88122969774;Laurent;Aurélie;2025;3;8179.65
61060166348;Lacroix;Benjamin;2025;3;2031.20
204917;Bernard;Cédric;2025;3;11296.62
91000270381;Fontaine;Mehdi;2025;3;1192.16
82052569521;Dufour;Amélie;2025;3;7372.79
99012271730;Renaud;Inès;2025;3;2876.10
93021175113;Leclerc;Delphine;2025;3;4820.32
98000180361;Blanchard;Céline;2025;3;570.79
1072930588;Roussel;Inès;2025;3;12900.08
87050471062;Boyer;Youssef;2025;3;8612.04
96110465359;Lucas;Sarah;2025;3;6659.21
84100461037;Lemaire;Grégory;2025;3;1901.25
95092459168;Roger;Samira;2025;3;1766.44
94072078952;Robin;Pierre;2025;3;1196.27
82041157371;Gauthier;Aurélie;2025;3;834.89
92052174708;Legrand;Yasmina;2025;3;6045.30
90120469790;Lucas;Sébastien;2025;3;8842.21
78091469702;Gaillard;Nassim;2025;3;3821.55
02040943969;Leclerc;Nora;2025;3;8783.26
98052411990;Lucas;Marine;2025;3;8789.10
01011012520;Bernard;Leïla;2025;3;4078.37
97020578054;Roy;Salima;2025;3;636.64
88121154389;Garnier;Fatima;2025;3;4779.13
2070626365;Giraud;Justine;2025;3;1884.03
87081646466;Gauthier;Élise;2025;3;6377.24
85061917218;Perrin;Nadia;2025;3;6528.71
2012030447;Garnier;Nadia;2025;3;4463.20
82080466622;Lemaire;Sophie;2025;3;5393.56
1010563152;Dufour;Delphine;2025;3;3017.07
84042096137;Lacroix;Thomas;2025;3;253.64
98072774369;Blanc;Sophie;2025;3;1867.83
90042051626;Masson;Youssef;2025;3;3447.81
85060302167;Leroy;Aïcha;2025;3;1059.99
88090748651;Garnier;Olivier;2025;3;11989.48
80082069949;Lacroix;Damien;2025;3;3426.14
82071635761;Aubert;Grégory;2025;3;11014.49
96020837161;Pierre;Pierre;2025;3;3243.30
83011220719;Caron;Inès;2025;3;15685.89
03040647646;Clément;Salima;2025;3;4196.01
82052222301;Petit;Olivier;2025;3;496.00
94061683027;Gaillard;Sophie;2025;3;1310.53
00112714128;Roussel;Cédric;2025;3;2370.26
87030966144;Bourgeois;Laura;2025;3;1988.98
82120607794;Aubert;Hugo;2025;3;22190.28
87031186670;Vincent;Maxime;2025;3;45294.33
81052286121;Bernard;Maxime;2025;3;3598.55
85042079629;Benoit;Marine;2025;3;953.62
92011470736;Roussel;Sarah;2025;3;1880.71
80071785771;Bernard;Sarah;2025;3;1141.95
1032643520;Fabre;François;2025;3;3926.15
78123155939;Colin;Khalid;2025;3;67.72
02041983948;Morin;Maxime;2025;3;3740.88
92030492337;Mercier;Louis;2025;3;3692.10
21928858;Philippe;Élise;2025;3;6340.39
96000387185;Brun;Mehdi;2025;3;9238.10
111343458;Gérard;Grégory;2025;3;1661.19
86080494125;Brun;Aurélie;2025;3;4025.90
95092651485;Denis;Aurélie;2025;3;1416.97
98070790225;Perrin;Laura;2025;3;9472.10
87081560156;Schmitt;François;2025;3;1965.41
81030806955;Colin;Justine;2025;3;1135.26
94102827853;Meunier;Antoine;2025;3;1361.58
01032147335;Masson;Khalid;2025;3;4420.35
82091028734;Chevalier;Karim;2025;3;1725.97
84082705879;Muller;Élise;2025;3;3478.30
94062461304;Marie;Amélie;2025;3;1328.24
98091667791;Dufour;Inès;2025;3;107.89
80042886602;Brunet;Leïla;2025;3;7498.09
87061181545;Brunet;Maxime;2025;3;8720.99
85021555122;Blanchard;Rachid;2025;3;4310.29
93112667491;Roy;François;2025;3;6599.35
92110456563;Laurent;Damien;2025;3;1151.09
87090520778;Boyer;Quentin;2025;3;770.77
1082251991;Rey;Quentin;2025;3;5910.38
03032294857;Renard;Julien;2025;3;376.24
87050535992;Dufour;Valérie;2025;3;9988.89
90091771846;Meyer;Hugo;2025;3;808.46
04060587897;Garcia;Nora;2025;3;1183.11
84061748634;Morin;Mathieu;2025;3;5913.20
97092762781;Picard;Leïla;2025;3;2634.56
94091603963;Dufour;Maxime;2025;3;3703.77
84082554540;Schmitt;Mehdi;2025;3;5865.18
83010172030;Caron;Nassim;2025;3;5527.59
99081061061;Vincent;Damien;2025;3;1148.44
93082068050;Perrin;Sébastien;2025;3;273.11
03082158894;Laurent;Céline;2025;3;673.60
79050170982;Rivière;Thomas;2025;3;2486.58
00041328660;Giraud;Bilal;2025;3;6550.72
03072508780;Bernard;Sébastien;2025;3;3186.05
81090243211;Fabre;Olivier;2025;3;850.80
94090180142;Joly;Nicolas;2025;3;1227.51
89062430117;Blanchard;Ibrahim;2025;3;11714.17
04030573525;Roger;Mehdi;2025;3;1178.65
94012666353;Rey;Louis;2025;3;5038.31
80111788670;Roussel;Émilie;2025;3;5404.46
99060552192;Meunier;Nassim;2025;3;1651.03
84041966671;Nguyen;Nicolas;2025;3;7118.33
89111177070;Brunet;Anissa;2025;3;9499.31
87081760886;Gautier;Adam;2025;3;1760.92
84041427431;Lambert;Sébastien;2025;3;1984.82
81012162070;Joly;Bilal;2025;3;3942.72
2090954991;Arnaud;Karim;2025;3;5579.33
110429876;François;Claire;2025;3;1551.86
89040199202;Martin;Youssef;2025;3;6159.58
82153881;Aubert;Pierre;2025;3;206.29
81091899040;Nguyen;Marine;2025;3;11626.44
91092779182;Gautier;Mathieu;2025;3;466.03
85071261484;Simon;Nadia;2025;3;4016.63
99121572122;Olivier;Samira;2025;3;5780.55
90020569787;Gérard;Olivier;2025;3;9532.48
84042679028;Masson;Thomas;2025;3;2941.92
93042472452;Leroy;Sophie;2025;3;1908.34
85101526573;Renard;Romain;2025;3;1986.41
88040760987;Vidal;Romain;2025;3;3538.47
95080781853;Moreau;Bilal;2025;3;1178.00
99062192185;Rousseau;Fatima;2025;3;1408.14
95032338865;Garcia;Thomas;2025;3;5559.93
84121092442;Garnier;Yasmina;2025;3;122.17
86022634912;Gautier;Fatima;2025;3;1123.41
76081861413;Giraud;Sébastien;2025;3;1131.38
84051760901;Philippe;Olivier;2025;3;6150.60
1091252207;Fabre;Marine;2025;3;5759.04
90072525066;Lemaire;Yasmina;2025;3;3553.63
21855515;Roy;Mehdi;2025;3;4336.92
86042622058;Blanc;Salima;2025;3;2087.33
77122070706;Roger;Youssef;2025;3;2692.04
82090659243;Garcia;Chloé;2025;3;2590.66
87042164892;Lambert;Benjamin;2025;3;3452.00
88112880289;Payet;Nicolas;2025;3;1073.29
03040723959;Blanchard;Élise;2025;3;995.79
83041116614;Michel;Grégory;2025;3;6193.87
90101076720;François;Karim;2025;3;1465.92
94052040633;Mercier;Damien;2025;3;3345.93
92110611763;Muller;Marine;2025;3;340.58
62652923;Gauthier;Bilal;2025;3;5762.21
86110334887;Barbier;Mathieu;2025;3;886.11
00012667734;Michel;Camille;2025;3;745.12
89010796324;Gautier;Mehdi;2025;3;4224.49
87081323297;Lacroix;Élise;2025;3;7501.89
94121180154;Clément;Thomas;2025;3;3027.65
95010729740;Rivière;Sébastien;2025;3;10063.00
93111912475;Joly;Cédric;2025;3;2187.17
92062398112;Lambert;Anissa;2025;3;4028.02
00060897421;Benoit;Fatima;2025;3;5134.55
04101120734;Petit;Leïla;2025;3;3834.89
03092353990;Fontaine;Chloé;2025;3;1836.78
12936463;Dumont;Samira;2025;3;1140.54
82122562246;Giraud;Nicolas;2025;3;2843.60
88022750562;Lacroix;Aïcha;2025;3;12454.10
03021179647;Fontaine;Thomas;2025;3;1481.49
94070674729;Lucas;Marine;2025;3;5286.93
95050121836;Arnaud;Youssef;2025;3;366.36
83040815914;Leclerc;Mathieu;2025;3;9385.11
82021498243;Rivière;Salima;2025;3;7630.32
99051357978;Caron;Olivier;2025;3;3947.24
82021885946;Lefebvre;Cédric;2025;3;969.55
92090649262;Martin;Marine;2025;3;844.28
80122747987;Lefebvre;Manon;2025;3;4569.40
83030944084;Fontaine;Bilal;2025;3;4362.24
81062401736;Robin;Bilal;2025;3;5631.82
97121173883;Dufour;Laura;2025;3;2101.19
86092818667;Nguyen;Aurélie;2025;3;1248.35
83061857588;Legrand;Vincent;2025;3;4228.30
113064318;Blanchard;Aïcha;2025;3;2555.92
85011951528;Giraud;Grégory;2025;3;2756.84
95012545422;Aubert;Youssef;2025;3;11438.88
95081728790;Lucas;Anissa;2025;3;3500.45
02100305989;Garcia;Nadia;2025;3;884.90
87011164682;Bernard;Yasmina;2025;3;1322.83
01062408365;Blanc;Émilie;2025;3;4072.25
95080668027;Meunier;Hugo;2025;3;5566.37
3062452850;Barbier;Vincent;2025;3;4368.87
90030912066;Benoit;Céline;2025;3;7589.93
99012804834;Henry;Maxime;2025;3;2847.96
92082875109;Caron;Nora;2025;3;1315.86
02041947227;Renaud;Mehdi;2025;3;3394.10
99091583977;Renard;Émilie;2025;3;4294.26
86062334933;Brunet;Romain;2025;3;2246.27
83122488825;Meyer;Marine;2025;3;1884.72
82032461520;Gaillard;Marine;2025;3;6056.04
95052372632;Gautier;Valérie;2025;3;2254.94
02010951668;Roussel;Karim;2025;3;2655.33
91022848320;Mercier;François;2025;3;808.89
80122658610;Mercier;Ibrahim;2025;3;1182.12
90329201;Philippe;Amélie;2025;3;2300.42
90090367029;Morin;Valérie;2025;3;2302.88
86112709112;Denis;Mehdi;2025;3;254.94
81092650690;Mercier;Nassim;2025;3;1139.38
89080137763;Garcia;Adam;2025;3;2492.82
95100245003;Fabre;Camille;2025;3;1524.85
98051274617;Moreau;Céline;2025;3;1760.33
95051281282;Moreau;Grégory;2025;3;5094.50
99022855222;Lacroix;Ibrahim;2025;3;689.52
75022456909;Legrand;Nadia;2025;3;2771.65
00032299445;Fontaine;Pierre;2025;3;14319.50
72090961511;Picard;Quentin;2025;3;4001.08
91011691340;Morin;Salima;2025;3;14339.24
87051280617;Dumont;Leïla;2025;3;4034.49
98082498917;Lemaire;Grégory;2025;3;1355.56
98000325762;Legrand;Vincent;2025;3;3050.15
1020748350;Durand;Laura;2025;3;713.86
3071048337;Gauthier;Grégory;2025;3;723.54
94022177105;Perrin;Antoine;2025;3;10711.07
96020563581;Brun;Charlotte;2025;3;1361.79
84012670196;Blanc;Nora;2025;3;4221.00
84092234447;Rousseau;Anissa;2025;3;2321.88
96102062684;Dumont;Vincent;2025;3;8350.07
94122863402;Denis;Ibrahim;2025;3;1676.27
91041694826;Durand;Damien;2025;3;2065.20
04012248344;Mercier;Mehdi;2025;3;3133.96
00082477644;Fontaine;Pierre;2025;3;4752.93
01042466353;Arnaud;Anissa;2025;3;3207.57
80092808146;Garnier;Valérie;2025;3;1318.03
83081819594;Lacroix;Justine;2025;3;2124.76
95042686884;Blanchard;Mathieu;2025;3;4349.14
99011389426;Brunet;Anissa;2025;3;915.09
87111225330;Garcia;Aïcha;2025;3;4972.28
97022402941;Lambert;Aïcha;2025;3;4902.57
80080618018;Clément;Camille;2025;3;4701.11
98072771993;Picard;Nora;2025;3;717.69
04080167546;Durand;Nicolas;2025;3;5085.75
4012647430;Meunier;Amélie;2025;3;4.45
89060582563;Simon;Laura;2025;3;7781.00
82112892831;Roy;Hugo;2025;3;2841.21
00011511949;Guérin;Aïcha;2025;3;11476.04
04040109516;Dufour;Thomas;2025;3;6149.26
92081963012;Roussel;Aïcha;2025;3;6434.30
00092760931;Brunet;Anissa;2025;3;4945.80
77020156665;Marie;Benjamin;2025;3;2224.37
95040107476;Guérin;Mehdi;2025;3;6743.78
82042563475;Rey;Aïcha;2025;3;523.85
95070243101;Durand;Justine;2025;3;9061.05
97112353219;Lemoine;Valérie;2025;3;1191.45
00040748145;Fabre;Quentin;2025;3;11207.36
83010890820;Martin;Adam;2025;3;8294.02
04091458148;Renaud;Nicolas;2025;3;710.41
80112140642;Aubert;Salima;2025;3;2443.81
84080925831;Simon;Camille;2025;3;2627.62
00091203783;Renaud;Justine;2025;3;3054.99
2000036002;Legrand;Inès;2025;3;2049.39
98042108315;Aubert;Élise;2025;3;4044.84
83120261090;Marie;Rachid;2025;3;1419.76
81102894286;Olivier;Sophie;2025;3;3227.74
83071094958;Meyer;Salima;2025;3;4272.91
04020792658;Fabre;Louis;2025;3;2902.43
89062972426;Olivier;Nicolas;2025;3;4887.84
85051490213;Denis;Romain;2025;3;1689.81
83070666178;Masson;Pauline;2025;3;2991.86
74011572102;Barbier;Nora;2025;3;2.72
71092769252;Lambert;Inès;2025;3;1314.68
87022677394;Roger;Grégory;2025;3;6861.24
03091612238;Mercier;Charlotte;2025;3;2472.58
83111248406;Gérard;Manon;2025;3;2177.81
02022813085;Blanchard;Bilal;2025;3;7255.13
92042656236;Caron;Élise;2025;3;2453.13
90092773916;Dumas;Mehdi;2025;3;1404.43
02021748164;Colin;Sophie;2025;3;4921.74
00081776571;Morin;Antoine;2025;3;4200.58
96042168055;Gaillard;Samira;2025;3;2565.44
96082823824;Garnier;Anissa;2025;3;6324.79
88060416949;Marchand;Manon;2025;3;11966.98
00082797348;Robin;Chloé;2025;3;12436.11
03032445901;Clément;Pierre;2025;3;6824.83
82052738973;Lacroix;Nora;2025;3;1260.45
80120532231;Moreau;Mehdi;2025;3;7506.81
90041996988;Boyer;Maxime;2025;3;5736.87
04061734081;Olivier;Céline;2025;3;3154.89
92012222287;Roy;Sophie;2025;3;5594.27
99060531111;Roussel;Amélie;2025;3;3844.60
93050200679;Blanc;Maxime;2025;3;3282.86
93010874109;Caron;Mathieu;2025;3;2432.31
99061409752;Mercier;Julien;2025;3;2482.82
88102551967;Moreau;Laura;2025;3;8624.77
01031183075;Bourgeois;Sophie;2025;3;5302.71
93090958891;Boyer;Anissa;2025;3;1908.05
80042467819;Picard;Yasmina;2025;3;2752.39
80031158312;Garnier;Valérie;2025;3;4234.79
92120280782;Gauthier;Damien;2025;3;9146.48
83050339136;Dufour;Fatima;2025;3;34347.90
89071129730;Fabre;Élise;2025;3;2015.17
90051389954;Joly;Samira;2025;3;6162.63
83101258790;Olivier;Cédric;2025;3;2048.64
91111480980;Simon;Louis;2025;3;2027.75
80102420351;Gautier;Justine;2025;3;3197.64
84071661539;Picard;Marine;2025;3;2675.98
80090704731;Moreau;Samira;2025;3;11305.66
02050378408;Bourgeois;Julien;2025;3;2833.65
95102124427;Dufour;Adam;2025;3;1519.16
91031617318;Duval;Thomas;2025;3;3677.47
94010189091;Garnier;Fatima;2025;3;3567.89
81042858117;Philippe;Chloé;2025;3;1510.83
88081207910;Renard;Nadia;2025;3;5633.17
31457921;Legrand;Aïcha;2025;3;8261.96
98062526815;Leroy;Louis;2025;3;2234.98
81030391538;Lemoine;Julien;2025;3;6266.55
97101313233;Guérin;Vincent;2025;3;1879.80
81021363610;Nguyen;Laura;2025;3;7554.68
94071049861;Blanc;Mathieu;2025;3;15083.83
88040722187;Roussel;Chloé;2025;3;8893.29
02030243384;Gérard;Laura;2025;3;2135.96
81080359703;Legrand;Chloé;2025;3;2054.48
93011523712;Renard;Julien;2025;3;5328.97
92122275915;Aubert;Laura;2025;3;12072.47
02092679217;Schmitt;Antoine;2025;3;7249.11
91042504676;Dumont;Claire;2025;3;2408.82
93020651115;Roussel;Fatima;2025;3;1496.04
88031668525;Michel;Delphine;2025;3;2734.45
93012114719;Durand;Claire;2025;3;5016.24
91111612426;Rey;Émilie;2025;3;10504.09
84030739417;Roussel;Adam;2025;3;5431.22
88052839764;Marchand;Élise;2025;3;1356.88
88010699105;Gautier;Julien;2025;3;2245.77
81061896148;Lemaire;Sophie;2025;3;2176.87
85100672874;Schmitt;Valérie;2025;3;5347.24
04092289081;Payet;Olivier;2025;3;1818.48
99102597140;Blanchard;Émilie;2025;3;1059.62
91051722745;Dumont;Nadia;2025;3;6213.34
85070374331;Gautier;Pierre;2025;3;4180.07
91041626332;Blanchard;Romain;2025;3;28613.08
87031179940;Lambert;Ibrahim;2025;3;9914.48
81032131303;Roussel;Sarah;2025;3;1823.77
97061286578;Morin;Grégory;2025;3;4002.13
85122476593;Philippe;Élise;2025;3;8291.99
04070640958;Gaillard;Leïla;2025;3;3560.87
97012762824;Chevalier;Salima;2025;3;5089.27
95091920522;Meyer;Damien;2025;3;2489.33
80031848495;Perrin;Nadia;2025;3;2789.66
00111672466;Lucas;Valérie;2025;3;3139.86
01071064527;Arnaud;Leïla;2025;3;1038.74
95040237437;Lucas;Amélie;2025;3;5952.64
90042084783;Gautier;François;2025;3;2959.88
85042040433;Leclerc;Charlotte;2025;3;10613.02
83042838858;Picard;Claire;2025;3;1050.58
86101761671;Meyer;Fatima;2025;3;6089.61
94022732280;Payet;Nadia;2025;3;3095.05
98052573922;Gautier;Thomas;2025;3;1151.24
87041033754;Brunet;Hugo;2025;3;2592.77
84092018176;Joly;Youssef;2025;3;780.11
90021321736;Noël;Inès;2025;3;2000.51
85032120796;Simon;Nora;2025;3;6169.95
98072545430;Martin;Vincent;2025;3;7204.44
96061260823;Meyer;Quentin;2025;3;1347.36
94060422720;Schmitt;Leïla;2025;3;1950.55
97070785650;Brun;Manon;2025;3;11408.22
85062718259;Moreau;Delphine;2025;3;7327.56
99080545773;Lucas;Adam;2025;3;7071.96
92120381940;Dubois;Vincent;2025;3;715.79
95021901170;Dumas;Sophie;2025;3;4607.92
86041427572;Rey;Pauline;2025;3;11791.57
02020937819;Vincent;Nadia;2025;3;3279.30
96011922267;Dumont;Mathieu;2025;3;985.80
91061288628;Martin;Mehdi;2025;3;1462.52
01031560088;Barbier;Ibrahim;2025;3;2913.28
92071361902;Fabre;Hugo;2025;3;228.01
88041558070;Rousseau;Youssef;2025;3;4618.04
02060996542;Arnaud;Julien;2025;3;3193.29
81031693318;Noël;Aurélie;2025;3;5984.72
91081739889;Durand;Nora;2025;3;919.50
82022711535;Martin;Benjamin;2025;3;1903.63
91101839972;Renard;Inès;2025;3;1163.88
95082608423;Moreau;Yasmina;2025;3;2431.30
88020763943;Lambert;Julien;2025;3;219.15
93091193176;Renard;Anissa;2025;3;3491.10
90111659123;Leclerc;Nadia;2025;3;3645.32
96101208490;Lefebvre;Laura;2025;3;5185.90
99110289141;Colin;Youssef;2025;3;3096.12
04071995196;Gaillard;Benjamin;2025;3;5404.17
04061629163;Michel;Aïcha;2025;3;3256.57
00021240950;Clément;Delphine;2025;3;2937.35
95012863740;Nguyen;Valérie;2025;3;1521.89
91070861934;Renard;Pierre;2025;3;7848.15
01050751836;Bernard;Thomas;2025;3;8301.93
92101276997;Marchand;Aïcha;2025;3;8888.03
96022757365;Blanc;Émilie;2025;3;5625.80
91071180153;Chevalier;Mehdi;2025;3;6363.81
97051160075;Blanc;Pierre;2025;3;4187.73
87031387895;Noël;Vincent;2025;3;502.21
86040630192;Brunet;Mehdi;2025;3;10371.71
82070962996;Colin;Youssef;2025;3;8300.10
92072427219;Renaud;Benjamin;2025;3;1687.93
91012267402;Dufour;Charlotte;2025;3;3666.64
83122068656;Dufour;Anissa;2025;3;4746.37
91021136665;Mercier;Camille;2025;3;13962.68
89111456984;Vidal;Maxime;2025;3;11291.95
82082639026;Picard;Céline;2025;3;2046.59
85011405556;Meunier;Maxime;2025;3;4907.86
90082765395;Clément;Delphine;2025;3;13201.25
81032405970;Gaillard;Pierre;2025;3;3181.79
82022508528;Schmitt;Mehdi;2025;3;661.14
96081481066;Gérard;Julien;2025;3;1412.06
00062396466;Bernard;Youssef;2025;3;6576.92
98052347852;Roy;Céline;2025;3;5419.30
93071475452;Caron;Youssef;2025;3;4414.00
89051386666;Vincent;Céline;2025;3;8565.44
84040390818;François;Claire;2025;3;9443.32
88022068988;Caron;Adam;2025;3;11575.98
02061485205;Bourgeois;Rachid;2025;3;2407.98
91071757797;Garcia;Louis;2025;3;6991.42
93080554652;Olivier;Louis;2025;3;6812.90
89070558321;Gaillard;Olivier;2025;3;3372.80
6072749959;Lemaire;Laura;2025;3;417.34
92061894801;Lemoine;Quentin;2025;3;5536.83
94050812394;Renaud;Youssef;2025;3;4750.32
00052714183;Fontaine;Laura;2025;3;12861.39
98080483394;Blanchard;Charlotte;2025;3;3475.68
02052639003;Rivière;Nadia;2025;3;7671.22
87092796320;Petit;Julien;2025;3;1952.74
00061498128;Benoit;Olivier;2025;3;5473.59
88072134054;Lefebvre;Chloé;2025;3;3906.50
93111132319;Roy;Inès;2025;3;9537.52
92021140151;Lucas;Marine;2025;3;4662.74
80021364874;Robin;Nicolas;2025;3;6978.21
87040920918;Laurent;Céline;2025;3;11235.51
00030904625;Brun;Émilie;2025;3;13357.69
82032281475;Lacroix;Delphine;2025;3;362.23
82110847418;Garcia;Damien;2025;3;7884.70
99062143784;Vidal;Émilie;2025;3;15330.00
91052463212;Lemoine;Nassim;2025;3;3291.74
82110218601;Bourgeois;Anissa;2025;3;9133.14
99030829315;Picard;Benjamin;2025;3;6644.68
86022473871;Bourgeois;Delphine;2025;3;2127.49
97091274723;Philippe;Nora;2025;3;10824.99
02100554330;Schmitt;Thomas;2025;3;2426.82
01090433546;Renard;Fatima;2025;3;6060.68
97021420766;Noël;Nassim;2025;3;874.42
86082042759;Rousseau;Samira;2025;3;2558.48
87070519774;Aubert;François;2025;3;13589.33
96101288070;Olivier;Maxime;2025;3;159.08
84011121661;Simon;Khalid;2025;3;1430.97
90070164602;Noël;Claire;2025;3;1882.86
87041810051;Renard;Marine;2025;3;868.27
91000283546;Henry;Sébastien;2025;3;1093.67
91041329194;Gauthier;Youssef;2025;3;7416.54
82040272790;Gauthier;Valérie;2025;3;5312.31
81072413918;Rivière;Samira;2025;3;3336.10
81021465657;Morin;François;2025;3;653.44
92120767762;Renaud;Élise;2025;3;2846.99
02022371538;Morin;Ibrahim;2025;3;6039.19
95102094733;Leroy;Rachid;2025;3;918.04
84030146529;Roy;Quentin;2025;3;1516.94
04062547891;Colin;Marine;2025;3;2990.24
85081290888;Pierre;Céline;2025;3;691.08
87062353562;Fontaine;Rachid;2025;3;3509.34
83010334455;Legrand;Nora;2025;3;8267.00
90081803414;Chevalier;Céline;2025;3;1807.59
94040159519;Renard;Khalid;2025;3;6168.05
93122222486;Lacroix;Ibrahim;2025;3;1487.21
97010409880;Petit;Nicolas;2025;3;9692.47
98071290665;Leclerc;Youssef;2025;3;3739.15
03062604981;Schmitt;Mathieu;2025;3;5407.71
93071172376;Picard;Élise;2025;3;8677.71
03091887796;Leclerc;Damien;2025;3;890.95
83030221039;Roche;Sophie;2025;3;2263.43
90050225756;Leroy;Romain;2025;3;6853.12
92011387988;Duval;Bilal;2025;3;3489.08
80042156726;Lacroix;Céline;2025;3;7099.51
92062127106;Olivier;Élise;2025;3;2122.70
03050860261;Schmitt;Cédric;2025;3;999.94
83040143050;Renard;Aïcha;2025;3;5545.43
92032361071;Rivière;Chloé;2025;3;1751.26
6012649056;Robin;François;2025;3;6530.81
88082574818;Roche;Hugo;2025;3;2074.27
97040965474;François;Laura;2025;3;5511.41
89020289852;Schmitt;Inès;2025;3;2506.63
98100580410;Brunet;Quentin;2025;3;3547.79
04051181669;Lemoine;Fatima;2025;3;11383.98
95051967212;Philippe;Laura;2025;3;8871.05
01101601711;Olivier;Rachid;2025;3;4613.09
82081237870;Denis;Charlotte;2025;3;11491.96
98040974207;Martin;Laura;2025;3;794.99
87021918024;Mercier;Mehdi;2025;3;3556.00
95090182935;François;Camille;2025;3;4614.12
96071469181;Vidal;Sophie;2025;3;1829.53
82121548496;Duval;Céline;2025;3;2126.52
90061373036;Lemaire;Ibrahim;2025;3;4573.17
89121232705;Rey;Manon;2025;3;3951.07
01072240801;Henry;Manon;2025;3;1238.46
92050352987;Mercier;Nicolas;2025;3;7855.20
81022508606;Petit;Hugo;2025;3;665.80
84110995336;Blanc;Maxime;2025;3;13761.85
85061311264;Giraud;Sarah;2025;3;8906.76
85100671884;Gaillard;Céline;2025;3;4132.75
95020726183;Joly;Nassim;2025;3;5725.34
81111795918;Arnaud;Damien;2025;3;4871.52
98080442616;Garcia;Adam;2025;3;6777.96
84020356556;Bernard;Salima;2025;3;5681.64
99020589083;Rivière;Sébastien;2025;3;10103.99
85091364042;Roy;Pauline;2025;3;5699.83
88041293794;Barbier;Vincent;2025;3;5038.68
2070445926;Lemaire;Benjamin;2025;3;10122.31
01082118567;Aubert;Youssef;2025;3;1084.07
90071085310;Vidal;Valérie;2025;3;8743.28
84022212424;Bourgeois;Inès;2025;3;597.98
81111830956;Vincent;Vincent;2025;3;3119.95
80041829696;Vincent;Grégory;2025;3;1485.70
96081120285;Lucas;Nicolas;2025;3;2957.62
89052328160;Denis;Chloé;2025;3;3065.47
84071182576;Marchand;Mehdi;2025;3;5899.66
94060552976;Denis;Pauline;2025;3;3388.84
98030420013;Meyer;François;2025;3;6484.65
02051415516;Arnaud;Mehdi;2025;3;2476.54
03070443670;Chevalier;Mathieu;2025;3;1341.10
82100744174;Bernard;Vincent;2025;3;700.18
98031919058;Petit;Hugo;2025;3;4397.07
02110330247;Picard;Grégory;2025;3;317.36
88101212773;Arnaud;Claire;2025;3;3051.69
96071586373;Lemoine;Ibrahim;2025;3;10050.21
99041187628;Durand;Rachid;2025;3;1096.39
98020830077;Noël;Ibrahim;2025;3;4085.24
80021120295;Blanc;Adam;2025;3;1902.30
87020884973;Michel;Marine;2025;3;1186.98
88020866188;Masson;Nassim;2025;3;9342.05
92071531453;Roy;Nora;2025;3;5373.88
81110697145;Gautier;Louis;2025;3;1133.53
83121546242;Fontaine;Élise;2025;3;10262.58
91091798888;Rousseau;Mathieu;2025;3;2280.50
92030863511;Denis;Mehdi;2025;3;6368.91
04062695074;Lucas;Manon;2025;3;2457.81
99061105587;Gérard;Aïcha;2025;3;8919.15
87082213422;Michel;Delphine;2025;3;775.01
88091241569;Nguyen;Mathieu;2025;3;2580.44
90040385107;Lemoine;Leïla;2025;3;4965.68
84060124873;Joly;Camille;2025;3;7375.77
96062655544;Fontaine;Delphine;2025;3;1789.39
86040295345;Vidal;Romain;2025;3;6496.51
02072187867;Guérin;Salima;2025;3;561.74
91052692646;Leroy;Quentin;2025;3;1425.41
86062163204;Brunet;Valérie;2025;3;4083.37
84062281540;Blanchard;Louis;2025;3;102.73
84012051772;Roy;Bilal;2025;3;3153.00
92041163426;Lucas;Grégory;2025;3;4780.25
88082052503;Rey;Pierre;2025;3;796.02
96042007907;Payet;Aïcha;2025;3;1773.46
00090396210;Dufour;Pauline;2025;3;7388.14
83092897192;Perrin;Sophie;2025;3;1332.12
82070737027;Morin;Amélie;2025;3;5733.26
85072628095;Petit;Thomas;2025;3;2709.33
85052166837;Joly;Aïcha;2025;3;1283.97
99042805152;Lemoine;Aïcha;2025;3;2648.68
81080391078;Michel;Maxime;2025;3;170.84
02071365050;Brun;Chloé;2025;3;596.49
81022622828;Brunet;Mathieu;2025;3;5338.49
87011227931;Rivière;Thomas;2025;3;3066.72
04080411927;Garcia;Olivier;2025;3;10156.63
00030803368;Marie;Amélie;2025;3;10539.12
87063076312;Gauthier;Nora;2025;3;2562.56
89022617753;Fabre;Anissa;2025;3;299.37
89102139343;Roy;Sophie;2025;3;10402.03
87080948759;Boyer;Benjamin;2025;3;3627.50
02112678142;Petit;François;2025;3;2592.52
01051116674;Dubois;François;2025;3;7999.26
03031980497;Gautier;Thomas;2025;3;3284.73
02111413578;Lambert;Anissa;2025;3;1945.28
98021755834;Blanc;Ibrahim;2025;3;1314.18
80091051951;Clément;Anissa;2025;3;9802.34
90022692109;Colin;Benjamin;2025;3;6806.89
90100198473;Payet;Émilie;2025;3;3683.06
87041690384;Schmitt;Thomas;2025;3;1811.68
94060586828;Arnaud;Anissa;2025;3;2907.56
87031713044;Roy;Benjamin;2025;3;2615.99
93051891449;Garcia;Marine;2025;3;2333.12
94050164771;Roussel;Julien;2025;3;8043.03
90101325653;Legrand;Maxime;2025;3;1400.42
88032243793;Nguyen;Grégory;2025;3;2593.40
89011909646;Guérin;Delphine;2025;3;6748.05
93021506297;Garcia;Grégory;2025;3;3329.45
82120292644;Picard;Louis;2025;3;1572.16
03082340721;Guérin;Manon;2025;3;3354.12
92051031789;Rivière;Chloé;2025;3;5850.60
80120131561;Blanc;Manon;2025;3;5958.31
88042584587;Laurent;Delphine;2025;3;2112.54
81101751765;Marchand;Chloé;2025;3;5524.05
88081491980;Henry;Sarah;2025;3;9235.96
99040411133;Gautier;Sophie;2025;3;8406.36
98031309542;Meunier;Anissa;2025;3;5282.05
84012680589;Mercier;Yasmina;2025;3;5529.06
02040529047;Henry;Émilie;2025;3;1659.91
82111875618;Roy;Nassim;2025;3;7900.51
02010860212;Gautier;Charlotte;2025;3;2772.33
87060750389;Perrin;Damien;2025;3;633.75
91041298908;Lambert;Sébastien;2025;3;6736.38
87080463858;Joly;Pauline;2025;3;17139.73
01090398508;Blanc;Vincent;2025;3;7457.34
00010685073;Legrand;Julien;2025;3;693.69
81020107261;Bernard;Pauline;2025;3;3474.55
01041392326;Lemoine;Sarah;2025;3;1385.24
93081476647;Nguyen;Élise;2025;3;1871.97
98032769193;Blanc;Leïla;2025;3;629.06
86050744027;Vincent;Yasmina;2025;3;13275.76
87080751888;Fontaine;Marine;2025;3;3375.48
98012898942;Brun;Thomas;2025;3;957.64
89041296686;Meunier;Bilal;2025;3;1813.11
86102828176;Lemaire;Céline;2025;3;5110.48
81051378279;Pierre;Aurélie;2025;3;1534.22
84022530247;Moreau;Sébastien;2025;3;747.45
02060493627;Denis;Aïcha;2025;3;1049.28
85110387128;Boyer;Olivier;2025;3;3883.25
83061551445;Lucas;Pauline;2025;3;4642.17
82020729369;Renaud;Pierre;2025;3;5047.51
88060160294;Dubois;Aurélie;2025;3;9746.04
95082072151;Legrand;Sarah;2025;3;1091.38
99041954126;Henry;Manon;2025;3;5601.70
92101765264;Mathieu;Sarah;2025;3;816.78
91042191011;Bernard;Benjamin;2025;3;3848.03
81052332047;Dubois;Mathieu;2025;3;6574.19
84112567330;Michel;Youssef;2025;3;2154.78
84121023651;Chevalier;Cédric;2025;3;9879.92
81100643490;Blanchard;Cédric;2025;3;1713.16
95081923681;Roche;Céline;2025;3;9841.72
86060443730;Picard;Julien;2025;3;5910.48
89032007551;Lemoine;Salima;2025;3;3116.76
93091310071;Lefebvre;Fatima;2025;3;2169.09
90052845053;Marchand;Pierre;2025;3;1524.51
81070666730;Picard;Karim;2025;3;4970.13
93122559513;Michel;Manon;2025;3;1366.60
90041161602;François;Inès;2025;3;8200.21
89040694001;Brunet;Pierre;2025;3;10494.32
02010819630;Dumont;Sébastien;2025;3;1839.40
92061085741;Colin;Youssef;2025;3;6432.01
88032880332;Gérard;Nadia;2025;3;3314.19
96091893522;Vidal;François;2025;3;3927.21
00012805613;Henry;Laura;2025;3;2109.82
88101295323;Blanchard;Benjamin;2025;3;6189.28
91071962982;Picard;Romain;2025;3;2769.50
93112796363;Bernard;Nassim;2025;3;729.32
82041687804;Meunier;François;2025;3;681.04
88120312271;Denis;Valérie;2025;3;1660.30
91061482925;Joly;Anissa;2025;3;1242.34
90031367867;Brunet;Amélie;2025;3;6609.03
85010696169;Martin;Khalid;2025;3;8948.62
95092669204;Renard;Nassim;2025;3;3841.76
89030493757;Barbier;Sébastien;2025;3;3451.98
99031306791;Aubert;Sébastien;2025;3;1730.74
01051817846;Picard;Aïcha;2025;3;8093.40
94021531955;Aubert;Mathieu;2025;3;13157.38
84112206747;Moreau;Élise;2025;3;3606.95
02091294689;Legrand;Quentin;2025;3;286.95
04060236620;Lemaire;Sarah;2025;3;2540.09
99020605317;Chevalier;Sébastien;2025;3;5295.74
97052647739;Roussel;Salima;2025;3;1092.49
87040997033;Lemoine;Chloé;2025;3;7793.50
99102439960;Dufour;Romain;2025;3;600.73
91040834395;Gaillard;Valérie;2025;3;7023.29
77071260819;Masson;Salima;2025;3;6485.23
99011583327;Gérard;Damien;2025;3;448.04
92052505003;Renard;Nassim;2025;3;6311.96
87111429921;Bourgeois;Pierre;2025;3;1546.99
91070228761;Mathieu;Aurélie;2025;3;8721.88
93022619819;Dumas;Ibrahim;2025;3;7816.61
85111969911;Clément;Sophie;2025;3;1031.93
93090121426;Gaillard;Delphine;2025;3;1505.86
92041945661;Pierre;Youssef;2025;3;2626.86
80031643213;Henry;Benjamin;2025;3;1877.25
86080681888;Dubois;Julien;2025;3;410.22
89072272053;Noël;Nicolas;2025;3;797.70
92122498520;Roussel;Olivier;2025;3;3087.56
93011680593;Mercier;Julien;2025;3;2962.33
98091090642;Joly;Mehdi;2025;3;1332.37
00090463318;Joly;Émilie;2025;3;4395.59
00032788108;Renard;Delphine;2025;3;4476.91
82081899450;Garnier;Sébastien;2025;3;12479.87
81100331211;Robin;Chloé;2025;3;7179.39
91032265139;Leclerc;Pierre;2025;3;1535.03
99031203556;Joly;Olivier;2025;3;3061.55
96011640076;Roger;Pierre;2025;3;4294.13
91011529014;Garcia;Julien;2025;3;4078.11
95030746283;Boyer;Marine;2025;3;8202.85
92110716483;Dubois;Inès;2025;3;13346.62
98010505121;Marie;Romain;2025;3;370.65
82072631297;Fabre;Yasmina;2025;3;4141.87
91030369184;Colin;Nicolas;2025;3;3637.90
00011850855;Mathieu;Delphine;2025;3;10492.95
80042218389;Bourgeois;Karim;2025;3;746.58
95092638124;Blanc;Romain;2025;3;8119.38
95040818051;François;Julien;2025;3;7441.69
86091175508;Blanc;Camille;2025;3;1749.39
97060356863;Mathieu;Louis;2025;3;3034.27
91122320731;Morin;Delphine;2025;3;1252.82
87011977603;François;Yasmina;2025;3;3101.14
97051953297;Lemoine;Karim;2025;3;975.07
82082485608;Roche;Amélie;2025;3;10329.92
93110787671;Lemoine;Valérie;2025;3;4612.05
88042666147;Schmitt;Aïcha;2025;3;7614.60
97080135064;Vincent;Marine;2025;3;14578.93
92111879196;Denis;Ibrahim;2025;3;4267.85
97031756216;Renaud;Sébastien;2025;3;2757.48
81011256210;Vidal;Camille;2025;3;11507.04
89000229361;Barbier;Justine;2025;3;4545.50
2031250107;Leroy;Leïla;2025;3;9708.35
81051332848;Joly;Claire;2025;3;1709.95
87102496023;Schmitt;Olivier;2025;3;2693.89
04022331988;Dumas;Leïla;2025;3;5001.34
00110836880;Denis;Vincent;2025;3;2307.88
85101553693;Guérin;Romain;2025;3;7492.51
86100551052;Chevalier;Élise;2025;3;12095.99
02092048618;Robin;Fatima;2025;3;3945.30
92121882173;Legrand;Antoine;2025;3;3988.01
04101117665;Nguyen;Pauline;2025;3;1426.99
99121945769;Bernard;Sophie;2025;3;2829.20
02072269031;Bernard;Élise;2025;3;12473.33
94122109374;Perrin;Bilal;2025;3;5893.82
93120446891;François;Nora;2025;3;12802.60
84101149341;Dumas;Adam;2025;3;8763.85
84062649249;Renard;Olivier;2025;3;6782.45
83102599370;Garcia;Olivier;2025;3;5913.62
85072288397;Robin;Delphine;2025;3;680.34
92121592262;Dubois;Aurélie;2025;3;1920.87
03092453465;Arnaud;Valérie;2025;3;6459.64
01022065570;Colin;Mehdi;2025;3;555.76
89031197701;Lacroix;Hugo;2025;3;4523.33
90020352924;Lambert;Nassim;2025;3;8482.76
92102285995;Lefebvre;Vincent;2025;3;1629.29
92050705058;Renard;Émilie;2025;3;1905.76
99091252791;Olivier;Inès;2025;3;8040.51
82012340750;Lefebvre;Damien;2025;3;1108.71
01082032455;Gérard;Émilie;2025;3;6437.85
87052122141;Lambert;Grégory;2025;3;7951.07
86052264254;Marchand;Charlotte;2025;3;7968.45
02040331879;Petit;Émilie;2025;3;1138.98
89020439906;Schmitt;Yasmina;2025;3;1008.54
81110985670;Meunier;Marine;2025;3;1342.92
81032843856;Perrin;Cédric;2025;3;591.52
82010532887;Meunier;Hugo;2025;3;5354.96
87120957497;Lemaire;Antoine;2025;3;2839.21
97050230063;Marie;Olivier;2025;3;7608.65
81021749333;Petit;Valérie;2025;3;4945.92
02012218905;Dufour;Laura;2025;3;3149.28
91030369283;Lemoine;Olivier;2025;3;7104.19
80071932954;Gérard;Valérie;2025;3;2260.75
87120780523;Denis;Benjamin;2025;3;408.23
91031585347;Moreau;Romain;2025;3;6576.97
81031815656;Gérard;Pierre;2025;3;1066.33
80042075463;Lemoine;Samira;2025;3;1180.44
85030485159;Marie;Antoine;2025;3;4032.72
88032772345;Marie;Thomas;2025;3;2344.74
80030405967;Simon;Romain;2025;3;11119.20
99092574664;Olivier;Charlotte;2025;3;2373.02
93010224506;Morin;Anissa;2025;3;3486.40
96062280808;Brun;Marine;2025;3;3742.81
83041205595;Clément;Mathieu;2025;3;5234.67
88101685303;Rousseau;Sophie;2025;3;7406.09
02111895115;Petit;Rachid;2025;3;608.59
03011694730;Payet;Louis;2025;3;4919.98
97100226734;Martin;Nassim;2025;3;2159.77
02062669890;Legrand;Camille;2025;3;3535.70
04061943622;Garcia;Antoine;2025;3;10703.47
00060783296;Bourgeois;Samira;2025;3;15120.16
84080376790;Lefebvre;Laura;2025;3;1630.94
03071506811;Rivière;Salima;2025;3;9166.74
84090949394;Lambert;Youssef;2025;3;13956.33
83061172947;Marchand;Aurélie;2025;3;4697.17
84011060887;Garcia;Chloé;2025;3;1379.35
96111441693;Roy;Camille;2025;3;718.10
90041453689;Marie;François;2025;3;12033.85
89070890891;Aubert;Marine;2025;3;2514.25
82041106891;Fabre;Vincent;2025;3;2993.41
84010447314;Giraud;Karim;2025;3;5624.31
95102800754;Barbier;François;2025;3;1846.89
93112148542;Rousseau;Karim;2025;3;1600.05
83012109852;Leroy;Camille;2025;3;574.69
03060648254;Laurent;Khalid;2025;3;6829.65
94080866756;Marchand;Nassim;2025;3;6072.14
80010295887;Simon;Khalid;2025;3;5651.10
04050254330;Meunier;Laura;2025;3;5901.16
90070142331;Marchand;Ibrahim;2025;3;3237.08
94102548137;Petit;Amélie;2025;3;574.22
03080402996;Henry;Olivier;2025;3;306.16
89060730340;Rousseau;Pierre;2025;3;10821.02
88072802265;Aubert;Antoine;2025;3;5483.31
98112417279;Rousseau;Justine;2025;3;4318.81
00060434690;Perrin;Céline;2025;3;5765.53
01082762331;Barbier;Manon;2025;3;4532.06
86051849431;Leroy;Claire;2025;3;4328.51
04090570894;Clément;Sébastien;2025;3;1661.89
85120778402;Dumont;Benjamin;2025;3;5676.46
96082697229;Meyer;François;2025;3;3622.56
85041118042;Roy;Sophie;2025;3;3878.93
88011861323;Nguyen;Inès;2025;3;3278.37
84102407767;Schmitt;Mehdi;2025;3;7726.23
97010747895;Laurent;Justine;2025;3;2815.54
86092252109;Martin;Cédric;2025;3;3494.69
97021988514;Leroy;Amélie;2025;3;8752.67
94092549714;Renard;Bilal;2025;3;5163.69
81061823892;Duval;Khalid;2025;3;2792.96
85082040461;Arnaud;Mehdi;2025;3;1324.46
03071494636;Gaillard;Inès;2025;3;414.63
91051703543;Dufour;Benjamin;2025;3;3582.62
03081524238;Henry;Rachid;2025;3;950.79
90091479460;Pierre;Amélie;2025;3;4328.19
97020424636;Gauthier;Justine;2025;3;7144.70
89110570029;Fontaine;François;2025;3;3204.18
80040102108;François;Adam;2025;3;2942.88
99062759933;Schmitt;Marine;2025;3;5044.51
85100517773;Roy;Nora;2025;3;4061.67
92092881747;Leroy;Camille;2025;3;1383.62
82071148979;Gérard;Aurélie;2025;3;12109.41
83061479090;Roussel;Salima;2025;3;245.39
83101484860;Colin;Ibrahim;2025;3;3694.95
01031671243;Lacroix;Olivier;2025;3;3454.42
95080612597;Muller;Maxime;2025;3;4968.81
90092304851;Olivier;Vincent;2025;3;1351.51
91091984475;Pierre;Amélie;2025;3;3167.75
99041917997;Giraud;Antoine;2025;3;6858.94
91080637257;Perrin;Benjamin;2025;3;4348.68
81060481037;Leclerc;Karim;2025;3;4303.54
90022733778;Lefebvre;Amélie;2025;3;6741.77
83121020957;Roy;Fatima;2025;3;2746.71
96083155703;Bourgeois;Youssef;2025;3;7887.86
04061923430;Lefebvre;Marine;2025;3;1122.73
95052126469;Meyer;Céline;2025;3;2599.34
97022410463;Noël;Bilal;2025;3;4243.81
98021722873;Martin;Sébastien;2025;3;3696.94
87082025954;Marie;Nora;2025;3;800.65
81090877570;Pierre;Sophie;2025;3;6464.65
93080660461;François;François;2025;3;1873.62
88120739071;Meyer;Charlotte;2025;3;12164.04
04061840979;Mercier;Marine;2025;3;54131.63
88121733223;Meyer;Youssef;2025;3;2757.72
99091620797;Schmitt;Antoine;2025;3;2584.32
04071388749;Duval;Olivier;2025;3;5874.14
5053039241;Payet;Khalid;2025;3;91.16
87061398707;Schmitt;Benjamin;2025;3;5344.57
91102190162;Garcia;Nadia;2025;3;683.56
00042078629;Philippe;Salima;2025;3;1106.62
93080228119;Roche;Samira;2025;3;5105.64
4050551367;Laurent;Delphine;2025;3;2602.43
92032188352;Benoit;Claire;2025;3;2945.83
85031031032;Mercier;Yasmina;2025;3;8268.80
02071751763;Laurent;Laura;2025;3;2180.91
04011484816;Gaillard;Quentin;2025;3;4056.30
99020351335;Marchand;Khalid;2025;3;254.42
00050112011;Pierre;Karim;2025;3;7871.01
89070127066;Nguyen;Justine;2025;3;4087.59
04020504034;Garcia;Nora;2025;3;372.14
03040436226;Morin;Fatima;2025;3;9328.21
00010366656;Arnaud;Ibrahim;2025;3;2673.93
88050898477;Olivier;Céline;2025;3;3577.32
04072449811;Simon;Chloé;2025;3;859.17
93050821776;Bourgeois;Laura;2025;3;6728.24
89040719141;Martin;Manon;2025;3;2470.44
98052764853;Rivière;Charlotte;2025;3;11417.90
01062445185;Lemaire;Nora;2025;3;1815.83
84051168211;Leclerc;Nora;2025;3;3447.54
99102362558;Leclerc;Aïcha;2025;3;1105.64
96051106507;Henry;Élise;2025;3;368.86
01062823188;Perrin;Charlotte;2025;3;3473.27
87112021126;Gaillard;Quentin;2025;3;5997.96
00081220901;Renaud;Nassim;2025;3;3421.30
98072424278;Renard;Chloé;2025;3;2091.64
95090190952;Picard;Yasmina;2025;3;1725.62
94071619389;Nguyen;Antoine;2025;3;3646.54
95040202102;Dubois;Youssef;2025;3;4859.00
01081514593;Caron;Nassim;2025;3;2758.24
02050249932;Benoit;Leïla;2025;3;2249.73
00032641024;Renaud;Sophie;2025;3;9120.50
99041008474;Roche;Émilie;2025;3;8606.08
00102662453;Perrin;Leïla;2025;3;7909.62
04090955233;Brunet;Adam;2025;3;693.06
94031142477;Noël;Khalid;2025;3;12359.65
91120997967;Colin;Olivier;2025;3;4971.12
90062575440;Olivier;Valérie;2025;3;11021.10
01061557240;Dumas;Romain;2025;3;9886.55
94121037921;Laurent;Khalid;2025;3;13132.79
92112528405;Dufour;Chloé;2025;3;10455.28
93092233551;Vidal;Sophie;2025;3;2451.60
96021442323;Guérin;Mehdi;2025;3;9927.64
94032064472;Joly;Mehdi;2025;3;1582.65
00080807363;Mercier;Sophie;2025;3;2784.50
86102346443;Rivière;Charlotte;2025;3;680.22
85121860050;Rey;Maxime;2025;3;4198.67
80071203969;Petit;Khalid;2025;3;1022.56
85071638202;Nguyen;Mathieu;2025;3;6631.55
99011757135;Fabre;Nassim;2025;3;8960.49
97091341831;Simon;Valérie;2025;3;3584.66
80120762358;Michel;Adam;2025;3;10746.59
88111994423;Blanc;Salima;2025;3;4451.51
03112072904;Durand;Pierre;2025;3;1812.87
92090828515;Garcia;Aurélie;2025;3;6442.77
99082867340;Garcia;Céline;2025;3;1355.55
81060690675;Marchand;Benjamin;2025;3;9914.01
94081988095;Brunet;Fatima;2025;3;3244.76
96062272492;Durand;Romain;2025;3;1189.02
92061104151;Lefebvre;Valérie;2025;3;2615.12
98072759325;Dufour;Sophie;2025;3;752.27
82100782380;Benoit;Quentin;2025;3;3846.12
81011991331;Joly;Youssef;2025;3;9492.30
84101926232;Blanchard;François;2025;3;2286.88
00091574957;Barbier;Émilie;2025;3;1976.21
94041167428;Robin;Vincent;2025;3;5229.46
99051366490;Rey;Claire;2025;3;6334.30
91012791893;Boyer;Damien;2025;3;9325.03
02012858610;Dufour;Louis;2025;3;6125.30
00030954511;Roche;Émilie;2025;3;1742.75
94082175365;Brunet;Amélie;2025;3;2199.94
94112516371;Brun;Aurélie;2025;3;2012.24
86071667719;Giraud;Grégory;2025;3;3568.24
99042872260;Picard;Sophie;2025;3;2150.98
88101975610;Bourgeois;Sophie;2025;3;2177.28
87021347704;Robin;Marine;2025;3;10485.59
86011128039;Michel;Damien;2025;3;11096.37
02012420427;Blanchard;Manon;2025;3;7391.59
92021585658;Roger;Inès;2025;3;3313.93
85062443194;Fontaine;Adam;2025;3;1483.76
88120449160;Mercier;Romain;2025;3;1913.63
83081303516;Lacroix;Olivier;2025;3;7836.20
01090342484;Fabre;Antoine;2025;3;488.54
83050757226;Lemaire;Cédric;2025;3;1521.65
04021513923;Blanchard;Céline;2025;3;4009.77
87090864733;Petit;Manon;2025;3;880.35
01071455792;Simon;Sarah;2025;3;5076.84
98021443553;Roger;Anissa;2025;3;4464.19
97111871088;Gauthier;Valérie;2025;3;2817.25
82031414514;Leclerc;Bilal;2025;3;19647.23
01081929220;Garnier;Antoine;2025;3;6157.28
85061609588;Noël;Mathieu;2025;3;5335.69
91040148071;Garnier;Romain;2025;3;6295.90
80110411072;Benoit;Karim;2025;3;2123.39
82090605991;Rousseau;Pauline;2025;3;13656.64
83101710435;Arnaud;Valérie;2025;3;3575.47
90022319549;Dubois;Olivier;2025;3;2904.47
94050135770;Garnier;Mathieu;2025;3;9020.37
91081910927;Colin;Valérie;2025;3;7859.87
87061969819;Roy;François;2025;3;3388.02
94090904672;Meyer;Valérie;2025;3;8269.11
92122289276;Bourgeois;Fatima;2025;3;1278.29
82042558131;Gaillard;Cédric;2025;3;2168.33
91060911813;Vincent;Ibrahim;2025;3;8480.33
92051098996;Duval;Grégory;2025;3;6367.19
93060998165;Gautier;Nora;2025;3;6356.84
90040101035;Brunet;Grégory;2025;3;4558.03
86080850748;Denis;Chloé;2025;3;2933.28
91101561345;Pierre;Sébastien;2025;3;2243.68
04030870067;Roy;Quentin;2025;3;2947.18
91100183351;Bourgeois;Thomas;2025;3;3614.57
89091066693;Dubois;Adam;2025;3;3821.59
97020497484;Garnier;Nicolas;2025;3;1863.69
86050688401;Colin;Karim;2025;3;4452.88
85110968435;Philippe;Sarah;2025;3;5166.34
94021443962;Bernard;Laura;2025;3;7642.91
90050161222;Picard;Nora;2025;3;12000.51
84042215606;Laurent;Louis;2025;3;2327.24
89091628701;Lucas;Samira;2025;3;4808.27
84071673516;Roche;Benjamin;2025;3;5907.96
98082757154;Roger;Maxime;2025;3;2522.54
91080260046;Lefebvre;Damien;2025;3;1886.97
94090983559;Lemaire;Nadia;2025;3;1460.76
81101038222;Philippe;Élise;2025;3;10134.99
89070307012;Roy;Samira;2025;3;11892.61
97110211893;Roy;Samira;2025;3;1062.68
83121758652;Philippe;Damien;2025;3;2274.51
88080929974;Chevalier;Pierre;2025;3;846.09
92030327536;Barbier;Inès;2025;3;4704.09
93121568628;Gauthier;Bilal;2025;3;9731.85
76011749417;Pierre;Justine;2025;3;5541.74
94082264744;Clément;Anissa;2025;3;6426.79
93000318133;Chevalier;Olivier;2025;3;3471.75
95101871930;Lucas;Bilal;2025;3;2140.25
79022446305;Vincent;Samira;2025;3;5840.57
84011458191;Garcia;Olivier;2025;3;10480.67
1000172769;Aubert;Bilal;2025;3;2930.25
81032367566;Philippe;Sarah;2025;3;10025.40
84061861470;Masson;Maxime;2025;3;2514.91
91110881461;Roy;Pierre;2025;3;4706.30
74091863356;Barbier;Damien;2025;3;2591.81
89071769534;Blanchard;Nora;2025;3;10986.40
88091156645;Dumas;Sophie;2025;3;2955.20
98103065192;Meunier;Delphine;2025;3;5030.44
92122867120;Henry;Youssef;2025;3;13458.82
89071283148;Vidal;Youssef;2025;3;3568.52
98000324970;Muller;Maxime;2025;3;6535.42
98122461036;Robin;Camille;2025;3;1555.92
2000231188;Blanc;Julien;2025;3;9128.20
1090349909;Caron;Nicolas;2025;3;3390.90
4020551940;Garnier;Charlotte;2025;3;5755.58
83101076569;François;Bilal;2025;3;10450.85
65012161926;Olivier;Nassim;2025;3;4316.28
79111365512;Dufour;Hugo;2025;3;6885.42
81062265342;Dumont;Fatima;2025;3;6584.83
95032077163;Leroy;Bilal;2025;3;562.22
4031324482;Dubois;Nora;2025;3;1099.77
86021561081;Boyer;Yasmina;2025;3;1510.41
90110970720;Lacroix;Khalid;2025;3;7758.03
93100574561;Gérard;Nassim;2025;3;12673.35
3051035158;Laurent;Chloé;2025;3;2235.83
78000265550;Mathieu;Cédric;2025;3;6546.84
96061082164;Barbier;Amélie;2025;3;9699.39
76102959507;Lemaire;Pauline;2025;3;11181.54
92081878284;Meyer;Aurélie;2025;3;17583.98
81061066601;Fabre;Laura;2025;3;359.37
90021480302;Guérin;Bilal;2025;3;3652.59
99040666501;Renaud;Émilie;2025;3;11743.10
97091687863;Blanchard;Élise;2025;3;1498.12
99012678635;Denis;Maxime;2025;3;3451.55
93050850777;Blanchard;Bilal;2025;3;2218.74
93120865476;Renard;Sarah;2025;3;10757.09
2100631930;Meunier;Aurélie;2025;3;1259.45
87000222587;Renaud;Hugo;2025;3;8212.74
98062678550;Aubert;Mathieu;2025;3;1706.80
89041167618;Robin;Chloé;2025;3;5612.93
67122454037;Roche;Louis;2025;3;3639.01
80120649225;Blanc;Bilal;2025;3;14336.89
86060159955;Moreau;Quentin;2025;3;10929.73
74040852046;Arnaud;François;2025;3;10688.72
87032159145;Schmitt;Samira;2025;3;10951.74
82091565501;Roy;Manon;2025;3;5628.58
90040376791;Colin;Émilie;2025;3;8466.13
77050582793;Clément;Nicolas;2025;3;1334.17
95120464157;Bernard;Amélie;2025;3;3209.60
86112462058;Leroy;Nadia;2025;3;1890.65
90050970775;Rousseau;Youssef;2025;3;2681.77
82042076101;Michel;Émilie;2025;3;3239.42
85010959950;Boyer;Khalid;2025;3;3718.66
5073147737;Dumont;Youssef;2025;3;3108.14
91032363525;Blanc;Grégory;2025;3;6238.12
4041345968;Blanc;Marine;2025;3;370.79
94032058237;Morin;Youssef;2025;3;6620.40
98050951943;Meunier;Mehdi;2025;3;5673.33
96042148556;Benoit;Aïcha;2025;3;6253.07
75061762101;Roy;Leïla;2025;3;647.75
84101080550;Marchand;François;2025;3;3757.93
5060532094;Leclerc;Maxime;2025;3;2158.94
98081189120;Lambert;Yasmina;2025;3;1954.98
1102731958;Masson;Céline;2025;3;750.51
73042674140;Roche;Leïla;2025;3;475.15
82020461729;Gérard;Pierre;2025;3;10745.37
78120177742;Rousseau;Charlotte;2025;3;3404.89
91020184778;Roche;Quentin;2025;3;1938.77
93122078174;Nguyen;Benjamin;2025;3;2414.49
93102170113;Garnier;Pauline;2025;3;2853.71
99100250334;Roche;Delphine;2025;3;4467.79
81012555317;Giraud;Élise;2025;3;4050.97
80071351350;Legrand;Inès;2025;3;3633.22
84041068135;Mercier;Vincent;2025;3;5186.83
82121149313;Petit;Aurélie;2025;3;2019.24
83082563031;Boyer;Julien;2025;3;8253.52
94052473965;Schmitt;Aïcha;2025;3;7806.47
78081571544;Martin;Charlotte;2025;3;2044.88
90011356767;Nguyen;Karim;2025;3;4179.39
95031855251;Lemaire;Fatima;2025;3;4916.45
78021950295;Legrand;Justine;2025;3;1811.28
3042950605;Lacroix;Khalid;2025;3;4628.40
77000226729;Perrin;Émilie;2025;3;2942.88
99000345381;Renard;Adam;2025;3;2572.46
98040458325;Robin;Antoine;2025;3;1557.71
89081954831;Brunet;Aïcha;2025;3;4303.92
84060354705;Pierre;Olivier;2025;3;945.45
88090178727;François;Nicolas;2025;3;1796.97
84051073981;Simon;Louis;2025;3;1168.58
79060668758;Perrin;Nicolas;2025;3;2985.36
99051184566;Gauthier;Thomas;2025;3;2056.44
89100278329;Laurent;Nassim;2025;3;3091.27
67022863147;Meunier;Nora;2025;3;7585.93
96050165310;Legrand;Marine;2025;3;12927.58
3030646352;Arnaud;Pierre;2025;3;4979.46
92050264402;Mercier;Hugo;2025;3;3300.30
96101074175;Blanchard;Delphine;2025;3;2246.25
86100372195;Brun;Antoine;2025;3;10116.86
82090264117;Gaillard;Khalid;2025;3;2299.46
72101650020;Leclerc;Salima;2025;3;402.36
77090179777;Fabre;Sophie;2025;3;5975.21
81072965333;Petit;Samira;2025;3;1574.44
95000431310;Colin;Mathieu;2025;3;1372.82
80122564776;Picard;Aïcha;2025;3;9301.85
87092966465;Chevalier;François;2025;3;5094.21
97072054370;Payet;Khalid;2025;3;685.97
91091167103;Simon;Pierre;2025;3;1751.50
32255004;Lefebvre;Youssef;2025;3;3353.34
92000289903;Vincent;Nassim;2025;3;1907.31
95112961901;Perrin;Camille;2025;3;1202.44
89041564724;Roussel;Khalid;2025;3;2207.14
90041167144;Duval;Sébastien;2025;3;2907.29
84082955705;Muller;Yasmina;2025;3;5841.89
92081974294;Vidal;Charlotte;2025;3;1276.24
1042060339;Caron;Émilie;2025;3;1005.93
80032163449;Lambert;Quentin;2025;3;4251.33
2060231133;Renard;Leïla;2025;3;1718.51
85100560929;Fontaine;Grégory;2025;3;2701.60
80070275739;Colin;Amélie;2025;3;2825.47
88090353723;Renard;Élise;2025;3;1543.33
90121372682;Guérin;Julien;2025;3;6537.31
3061251139;Rey;Damien;2025;3;302.31
74112674113;Petit;Hugo;2025;3;668.26
2092455127;Blanc;Damien;2025;3;368.91
3090848314;Roy;Laura;2025;3;3377.63
87050576475;Rousseau;Adam;2025;3;2025.45
83090764776;Fabre;Damien;2025;3;3827.73
99122463532;Chevalier;Justine;2025;3;13243.94
1020653726;François;Pierre;2025;3;7816.63
3100153384;Bourgeois;Amélie;2025;3;443.82
3013048968;Pierre;Julien;2025;3;2165.17
80090750261;Gaillard;Leïla;2025;3;2056.43
4000070191;Roy;Charlotte;2025;3;8963.18
88121965924;Gauthier;Louis;2025;3;6611.36
82123055956;Muller;Louis;2025;3;3575.30
91010562378;Colin;Romain;2025;3;423.27
92101066072;Morin;Claire;2025;3;8558.32
91071355842;Lacroix;Ibrahim;2025;3;8166.55
99102674146;Henry;Céline;2025;3;3902.16
5040149525;Guérin;Julien;2025;3;12972.67
88120665728;Lucas;Salima;2025;3;7163.15
98082575131;Gérard;Delphine;2025;3;9592.95
99000318954;Fabre;Romain;2025;3;4994.25
90000292136;Noël;Louis;2025;3;13545.32
95090573212;Lefebvre;Ibrahim;2025;3;3144.66
96110168223;Noël;Nora;2025;3;3220.88
60140722;Robin;Julien;2025;3;7875.14
94121576963;Roussel;Samira;2025;3;1328.19
92052588442;Barbier;Cédric;2025;3;5586.14
73100745169;Meyer;Pierre;2025;3;2073.76
96070660816;Gauthier;Manon;2025;3;5418.83
83052852624;Caron;Antoine;2025;3;14909.66
91092867868;Renard;Pauline;2025;3;1791.87
91101858976;Meunier;Nadia;2025;3;711.70
30752591;Masson;Karim;2025;3;3147.61
99092632963;Schmitt;Karim;2025;3;10396.02
1092931988;Vidal;Aïcha;2025;3;1192.06
68091364766;Roche;Anissa;2025;3;13673.99
83090347577;Henry;Aïcha;2025;3;3239.06
112631974;Marchand;Delphine;2025;3;1837.50
87092062979;Dumas;Samira;2025;3;3814.35
89022565491;Dumont;Hugo;2025;3;466.51
97102178216;Dufour;Bilal;2025;3;9037.97
90052457152;Roussel;Marine;2025;3;2323.42
81071249522;Marchand;Céline;2025;3;10915.45
5022248966;Brun;Pierre;2025;3;509.49
91040279616;Garnier;Inès;2025;3;2462.37
91093072162;Petit;Khalid;2025;3;3063.31
91080180961;Clément;Laura;2025;3;10610.43
98051277783;Barbier;Aurélie;2025;3;1943.40
94051253745;Michel;Khalid;2025;3;9800.23
97031968923;Simon;Aurélie;2025;3;750.24
90112066919;Gauthier;Yasmina;2025;3;1491.55
95000086068;Leroy;Pauline;2025;3;7346.48
94061153782;Morin;Maxime;2025;3;2835.68
91110568784;Chevalier;Laura;2025;3;6053.37
1091750073;Renard;Valérie;2025;3;3433.95
96051375335;Lacroix;Fatima;2025;3;1402.82
96091673687;Denis;Sarah;2025;3;2788.20
2042944743;Dumas;Olivier;2025;3;1854.73
87112073089;Vincent;Camille;2025;3;2295.36
1021033313;Rey;Pauline;2025;3;2735.56
3000039486;Bourgeois;Quentin;2025;3;2837.71
92051659519;Perrin;Julien;2025;3;8197.70
93060277593;Rivière;Yasmina;2025;3;5507.19
89000225502;Guérin;Élise;2025;3;3269.94
91070872921;Fabre;Cédric;2025;3;2188.13
99000239770;Morin;Delphine;2025;3;977.32
96022455972;Michel;Grégory;2025;3;3028.96
1081838059;Roche;Marine;2025;3;1723.16
4112031155;Fabre;Laura;2025;3;437.52
2000201989;Noël;Claire;2025;3;1425.62
80081363928;Boyer;Inès;2025;3;8437.82
2100530772;Renaud;Ibrahim;2025;3;2393.70
78090872359;Dufour;Sébastien;2025;3;398.72
1120548086;Pierre;Pauline;2025;3;1100.25
88070771007;Vidal;Camille;2025;3;1313.25
95071376318;Boyer;Damien;2025;3;9852.79
87081260941;Boyer;Charlotte;2025;3;3185.89
93000308532;Fontaine;Manon;2025;3;1291.08
93010368026;Olivier;Pauline;2025;3;1275.53
90052748350;Henry;Sarah;2025;3;8330.44
87090174746;Barbier;Élise;2025;3;8363.70
91051579621;Joly;Marine;2025;3;1285.09
93113065785;Dumas;Quentin;2025;3;1581.57
95040946923;Garnier;Pauline;2025;3;2187.90
83092273325;Dumont;Maxime;2025;3;4635.54
92071954590;Leroy;Rachid;2025;3;9010.46
98043076137;Brun;Justine;2025;3;3511.17
91120755368;Arnaud;Leïla;2025;3;1705.01
95100273905;Brun;Karim;2025;3;1689.26
